0 0.627871 0.874764 0.120883 0.184889
0 0.474668 0.971681 0.123117 0.056639
0 0.259961 0.946826 0.123125 0.106347
0 0.300629 0.653646 0.051852 0.096514
0 0.257574 0.549931 0.041867 0.073222
0 0.424785 0.562097 0.050523 0.072417
0 0.331305 0.539813 0.040422 0.062514
0 0.372910 0.510097 0.043555 0.056333
0 0.276148 0.489944 0.039750 0.050278
0 0.320387 0.477104 0.041555 0.047069
0 0.187684 0.443667 0.036133 0.049750
0 0.213563 0.394188 0.031922 0.029958
0 0.248469 0.399542 0.028922 0.033167
0 0.283824 0.403285 0.028617 0.026736
0 0.296012 0.422806 0.035539 0.027278
0 0.342805 0.432708 0.032828 0.031028
0 0.360098 0.412111 0.032539 0.027278
0 0.387035 0.430833 0.031023 0.036917
0 0.570809 0.525222 0.048523 0.048972
0 0.565449 0.480062 0.052711 0.046486
0 0.708773 0.552986 0.060641 0.059750
0 0.681738 0.498708 0.050383 0.050639
0 0.506254 0.429521 0.101195 0.084597
0 0.651676 0.444021 0.120758 0.088736
0 0.776523 0.658854 0.079812 0.076708
0 0.821285 0.559139 0.066867 0.059444
0 0.802410 0.509771 0.065789 0.054653
0 0.958910 0.610917 0.082180 0.084361
