0 0.556063 0.458597 0.035984 0.040000
0 0.459855 0.470319 0.042570 0.032500
0 0.390172 0.430056 0.031297 0.028694
0 0.346750 0.437646 0.032656 0.027319
0 0.323012 0.419042 0.029617 0.028917
0 0.304586 0.403181 0.029906 0.026083
0 0.273672 0.406660 0.032813 0.032014
0 0.201156 0.395104 0.027609 0.027208
0 0.217648 0.931340 0.127297 0.137319
0 0.429512 0.947243 0.133305 0.104486
0 0.558828 0.773229 0.078812 0.121069
0 0.502199 0.651424 0.070898 0.111125
0 0.281504 0.656146 0.056445 0.103653
0 0.323688 0.527715 0.046656 0.075486
0 0.262625 0.547597 0.042922 0.062222
0 0.244684 0.471778 0.036867 0.049806
0 0.383523 0.483361 0.041156 0.048750
0 0.313844 0.473167 0.044297 0.051556
0 0.212945 0.393875 0.024094 0.023861
0 0.483750 0.457889 0.040234 0.032500
0 0.621695 0.454208 0.046328 0.040000
0 0.631586 0.479986 0.051719 0.041194
0 0.969629 0.715375 0.060148 0.092222
0 0.835934 0.693104 0.085289 0.092208
0 0.767020 0.605486 0.067742 0.080333
0 0.825879 0.552937 0.070852 0.070431
0 0.614781 0.504632 0.051453 0.051403
