0 0.285051 0.403958 0.028117 0.027972
0 0.532211 0.679146 0.070250 0.114486
0 0.440043 0.582646 0.050805 0.070514
0 0.500641 0.557375 0.062922 0.069694
0 0.289730 0.598389 0.081102 0.160000
0 0.341230 0.545778 0.042414 0.058083
0 0.249324 0.521667 0.046336 0.080778
0 0.351938 0.472722 0.043938 0.066333
0 0.252637 0.458278 0.035508 0.036389
0 0.243309 0.430729 0.036711 0.034764
0 0.971359 0.720062 0.057281 0.111069
0 0.838766 0.624368 0.091406 0.083681
0 0.836438 0.550625 0.082078 0.072083
0 0.722008 0.549792 0.063906 0.073750
0 0.594289 0.533521 0.045437 0.054625
0 0.622574 0.501160 0.056273 0.055153
0 0.447297 0.459965 0.045141 0.046597
0 0.492734 0.462104 0.039719 0.036958
0 0.516809 0.440438 0.049352 0.047125
0 0.430594 0.424118 0.034000 0.031625
0 0.364621 0.438722 0.036211 0.035167
0 0.377770 0.428535 0.033289 0.031569
0 0.325508 0.420340 0.029469 0.030375
0 0.199301 0.401056 0.021195 0.023139
0 0.216012 0.401062 0.018086 0.024514
0 0.175891 0.391049 0.021000 0.021069
