0 0.191375 0.443979 0.027875 0.040403
0 0.662891 0.521660 0.052016 0.056403
0 0.562199 0.491417 0.043961 0.043389
0 0.567301 0.444236 0.042727 0.043389
0 0.506215 0.461090 0.040320 0.038569
0 0.380852 0.628125 0.051766 0.081583
0 0.423180 0.420694 0.038547 0.039111
0 0.333965 0.429792 0.029805 0.034833
0 0.252965 0.406618 0.030117 0.035208
0 0.186207 0.394625 0.028320 0.027222
0 0.176879 0.419201 0.025398 0.033208
0 0.187664 0.475347 0.026297 0.036000
0 0.631687 0.559688 0.049781 0.045486
0 0.233184 0.396625 0.025180 0.028806
0 0.340875 0.410535 0.028016 0.024125
0 0.345059 0.492757 0.042758 0.046069
0 0.308512 0.528597 0.042430 0.066389
0 0.295875 0.464674 0.041828 0.048736
0 0.240039 0.522979 0.040953 0.060514
0 0.435773 0.896403 0.103578 0.202111
0 0.271633 0.839229 0.089375 0.138264
0 0.877238 0.942375 0.160383 0.115250
0 0.859281 0.711743 0.107750 0.099486
0 0.829211 0.611500 0.072672 0.074250
0 0.599168 0.641222 0.069883 0.086528
