0 0.498418 0.480604 0.042711 0.040764
0 0.398055 0.447437 0.036187 0.033569
0 0.326016 0.424660 0.035062 0.030375
0 0.238242 0.410271 0.026297 0.024764
0 0.189352 0.398681 0.022484 0.021583
0 0.634328 0.561722 0.055703 0.054472
0 0.767363 0.407417 0.042477 0.050139
0 0.814539 0.521924 0.058141 0.057569
0 0.769164 0.568972 0.068547 0.081972
0 0.772418 0.657847 0.078289 0.095972
0 0.963164 0.716799 0.073672 0.114181
0 0.309047 0.467417 0.043156 0.047944
0 0.273535 0.487000 0.036133 0.049000
0 0.238480 0.533021 0.036133 0.052819
0 0.687703 0.743653 0.092219 0.115139
0 0.479000 0.615465 0.063094 0.091181
0 0.378156 0.617868 0.055547 0.088292
0 0.275687 0.706549 0.062016 0.093097
0 0.271469 0.830806 0.081281 0.154639
0 0.607328 0.887514 0.111250 0.182139
0 0.459988 0.946792 0.125648 0.097944
0 0.588555 0.461819 0.047656 0.048750
0 0.555738 0.469611 0.055742 0.056333
0 0.428625 0.437243 0.038438 0.037153
0 0.318035 0.407076 0.026305 0.023181
0 0.263750 0.407868 0.029672 0.026375
