0 0.878996 0.956174 0.132820 0.084653
0 0.677266 0.962861 0.108594 0.074250
0 0.284246 0.779313 0.079352 0.163347
0 0.397852 0.661250 0.074344 0.138111
0 0.521895 0.696153 0.065148 0.118806
0 0.683945 0.724368 0.085203 0.127708
0 0.546063 0.585035 0.068000 0.109292
0 0.446832 0.574965 0.052898 0.068069
0 0.285316 0.632007 0.046977 0.072875
0 0.276148 0.592215 0.043734 0.062319
0 0.330617 0.549076 0.043734 0.054653
0 0.341129 0.493500 0.042117 0.056611
0 0.345316 0.464674 0.039117 0.046597
0 0.237438 0.521104 0.036406 0.049264
0 0.200426 0.479917 0.035805 0.049278
0 0.239832 0.466542 0.036445 0.046056
0 0.264219 0.448090 0.037016 0.044458
0 0.212613 0.438188 0.037914 0.040708
0 0.935398 0.685361 0.085203 0.089250
0 0.811363 0.673854 0.083055 0.081597
0 0.931086 0.609146 0.081969 0.074875
0 0.981184 0.587618 0.037633 0.073819
0 0.675801 0.584493 0.060430 0.068097
0 0.589996 0.535792 0.048336 0.056639
0 0.609367 0.478521 0.050016 0.052403
0 0.661098 0.471333 0.048742 0.048056
0 0.498551 0.485660 0.045117 0.045181
0 0.444168 0.464174 0.037867 0.039458
0 0.537223 0.436250 0.039477 0.048056
0 0.472770 0.422285 0.041898 0.045903
0 0.391480 0.445833 0.031945 0.029972
0 0.379680 0.427257 0.034859 0.032764
0 0.376980 0.409271 0.028117 0.025569
0 0.313273 0.418264 0.027422 0.028361
0 0.263922 0.411472 0.025422 0.026778
0 0.237059 0.400681 0.027445 0.029972
0 0.188398 0.395285 0.021375 0.026375
0 0.171078 0.394722 0.014656 0.024139
