0 0.438813 0.438014 0.033141 0.042250
0 0.394023 0.692667 0.065703 0.105361
0 0.266145 0.540785 0.039367 0.060486
0 0.287984 0.505312 0.038828 0.047069
0 0.242418 0.468403 0.037211 0.049944
0 0.206824 0.487576 0.032898 0.057625
0 0.369418 0.510104 0.047461 0.062403
0 0.428742 0.503396 0.042063 0.052819
0 0.501812 0.554688 0.049078 0.061458
0 0.448777 0.957917 0.125648 0.084167
0 0.866465 0.718792 0.095227 0.092222
0 0.732812 0.623757 0.070172 0.074403
0 0.742703 0.567111 0.061109 0.062139
0 0.774398 0.539771 0.056437 0.050542
0 0.621285 0.553438 0.054117 0.054681
0 0.653215 0.522361 0.053648 0.043917
0 0.663934 0.496271 0.049914 0.041431
0 0.560227 0.512590 0.045719 0.055514
0 0.349086 0.432632 0.033609 0.036458
0 0.356801 0.417285 0.031758 0.030569
0 0.221398 0.425125 0.033094 0.034889
0 0.217676 0.396896 0.030430 0.031486
0 0.197781 0.436681 0.024969 0.035139
0 0.506273 0.443188 0.116984 0.136181
