0 0.299164 0.411819 0.032641 0.028694
0 0.431859 0.937340 0.139172 0.120264
0 0.816043 0.929153 0.165273 0.141694
0 0.529504 0.728021 0.069320 0.106597
0 0.386305 0.626083 0.058719 0.096611
0 0.273988 0.601674 0.043742 0.076653
0 0.455562 0.588924 0.057469 0.079986
0 0.455289 0.521368 0.049406 0.056847
0 0.346223 0.491958 0.042883 0.058000
0 0.265355 0.483257 0.039617 0.055514
0 0.775730 0.424840 0.048008 0.053042
0 0.720262 0.599674 0.069445 0.074569
0 0.584277 0.527278 0.050867 0.057000
0 0.576621 0.480549 0.050867 0.048958
0 0.482441 0.472188 0.042164 0.047097
0 0.480320 0.435479 0.035937 0.033208
0 0.374250 0.439444 0.035937 0.034917
0 0.404848 0.433236 0.038461 0.034917
0 0.250406 0.399208 0.028750 0.026972
0 0.211551 0.401806 0.027586 0.030083
0 0.258125 0.550785 0.041016 0.059653
0 0.777359 0.561979 0.082031 0.095292
0 0.844477 0.561563 0.073641 0.089486
0 0.610914 0.474354 0.045641 0.046486
0 0.182410 0.391097 0.023695 0.024556
0 0.169953 0.393736 0.024375 0.020417
