0 0.262234 0.901014 0.120375 0.197972
0 0.284316 0.628889 0.060398 0.109389
0 0.474953 0.632729 0.056625 0.078708
0 0.439094 0.583826 0.049609 0.065292
0 0.623801 0.678368 0.074961 0.099792
0 0.543984 0.585368 0.056625 0.078708
0 0.462910 0.522722 0.052961 0.065611
0 0.378832 0.514347 0.043555 0.060083
0 0.328516 0.540674 0.040422 0.064375
0 0.385617 0.486208 0.037641 0.042083
0 0.291613 0.502924 0.039023 0.047042
0 0.230484 0.468028 0.034094 0.037000
0 0.274305 0.461785 0.034875 0.037458
0 0.325020 0.448146 0.040070 0.040681
0 0.269625 0.438208 0.033312 0.033750
0 0.236465 0.443757 0.032539 0.032819
0 0.191602 0.399368 0.033312 0.031903
0 0.223332 0.404458 0.028117 0.030972
0 0.251551 0.403528 0.029930 0.030056
0 0.262500 0.416472 0.027344 0.019889
0 0.297973 0.405611 0.026555 0.020333
0 0.339195 0.419014 0.030453 0.024972
0 0.366309 0.439583 0.029695 0.027611
0 0.403602 0.449132 0.031422 0.036597
0 0.464430 0.453438 0.034641 0.029431
0 0.516055 0.431667 0.045203 0.039194
0 0.551457 0.475625 0.049023 0.051194
0 0.557973 0.450250 0.041836 0.042000
0 0.615289 0.496889 0.052172 0.063972
0 0.661480 0.467313 0.048352 0.042403
0 0.699809 0.539243 0.057117 0.056792
0 0.733184 0.518465 0.058242 0.052792
0 0.778586 0.648653 0.085328 0.092806
0 0.836379 0.622549 0.078805 0.080375
