0 0.734977 0.799632 0.116125 0.178597
0 0.545289 0.735847 0.074937 0.119806
0 0.293828 0.775222 0.076188 0.136444
0 0.390543 0.636569 0.088664 0.185250
0 0.427184 0.572993 0.042883 0.065458
0 0.510613 0.564299 0.056867 0.066292
0 0.432316 0.510854 0.049430 0.065458
0 0.373348 0.476049 0.040555 0.035625
0 0.300172 0.597028 0.043344 0.073750
0 0.250996 0.551868 0.039148 0.046403
0 0.329301 0.538604 0.042883 0.056347
0 0.331336 0.487521 0.039297 0.044431
0 0.293227 0.505549 0.039531 0.059236
0 0.265410 0.487979 0.037992 0.043514
0 0.261234 0.453764 0.034328 0.034250
0 0.290895 0.438965 0.041117 0.037958
0 0.323785 0.418396 0.039273 0.040264
0 0.211434 0.405215 0.022102 0.025931
0 0.195191 0.386493 0.023945 0.027319
0 0.260066 0.412611 0.029914 0.033333
0 0.899965 0.453181 0.063898 0.062972
0 0.921172 0.552611 0.073687 0.062972
0 0.913016 0.602326 0.085344 0.089486
0 0.737707 0.497174 0.049883 0.060319
0 0.749617 0.579965 0.072266 0.071875
0 0.397465 0.415639 0.043930 0.041722
