0 0.679574 0.962431 0.128539 0.072167
0 0.248949 0.917639 0.098680 0.164722
0 0.773273 0.865354 0.115109 0.159792
0 0.851078 0.695243 0.089016 0.091069
0 0.878141 0.650569 0.079344 0.080750
0 0.702078 0.599556 0.064766 0.075833
0 0.715828 0.517104 0.054516 0.056653
0 0.576422 0.486903 0.046437 0.049944
0 0.596008 0.464104 0.032797 0.038514
0 0.445402 0.467854 0.040320 0.042792
0 0.485422 0.436292 0.038516 0.041722
0 0.362797 0.437090 0.032797 0.034764
0 0.371527 0.407667 0.032195 0.029417
0 0.307246 0.424715 0.039336 0.031208
0 0.308258 0.399542 0.031469 0.029611
0 0.242734 0.408938 0.029000 0.026014
0 0.264086 0.394146 0.022703 0.023625
0 0.209020 0.402938 0.021805 0.026014
0 0.227562 0.389549 0.024281 0.027208
0 0.521051 0.660035 0.072242 0.119403
0 0.409191 0.674125 0.058258 0.107806
0 0.284043 0.686146 0.061523 0.113597
0 0.266563 0.584639 0.044281 0.069694
0 0.455246 0.600931 0.050758 0.078778
0 0.489687 0.545069 0.057609 0.068750
0 0.422617 0.545069 0.055594 0.074472
0 0.337820 0.545431 0.046328 0.062306
0 0.235980 0.521479 0.036930 0.052708
0 0.264980 0.486340 0.038227 0.043458
0 0.230117 0.450736 0.037734 0.041611
