0 0.237355 0.920389 0.116070 0.159222
0 0.663531 0.968014 0.114047 0.062028
0 0.869488 0.933278 0.143039 0.133444
0 0.599258 0.825396 0.093750 0.141069
0 0.659914 0.698965 0.089297 0.111042
0 0.495184 0.629076 0.060586 0.095514
0 0.400027 0.675667 0.061211 0.106611
0 0.370703 0.589694 0.047484 0.067778
0 0.309242 0.523694 0.039375 0.051139
0 0.374953 0.521111 0.042938 0.049472
0 0.443742 0.506313 0.049437 0.064264
0 0.381066 0.479722 0.040602 0.045306
0 0.333340 0.486424 0.041898 0.044847
0 0.532309 0.588076 0.053648 0.066292
0 0.257180 0.479521 0.036250 0.047042
0 0.249520 0.445479 0.033461 0.038375
0 0.193988 0.448882 0.029633 0.036514
0 0.919176 0.660333 0.098336 0.113222
0 0.765293 0.639208 0.077383 0.083861
0 0.648180 0.570472 0.056438 0.053111
0 0.702996 0.507917 0.052086 0.068472
0 0.629574 0.515681 0.048477 0.051889
0 0.541406 0.503639 0.049078 0.049222
0 0.548328 0.466465 0.039453 0.035847
0 0.535535 0.452563 0.036742 0.032625
0 0.467383 0.447201 0.040047 0.044403
0 0.467832 0.420458 0.031320 0.027278
0 0.418332 0.434896 0.037648 0.035847
0 0.345437 0.423458 0.034875 0.028667
0 0.347254 0.405653 0.035398 0.024500
0 0.295629 0.419063 0.027336 0.026347
0 0.259613 0.416285 0.024992 0.022653
0 0.215656 0.406347 0.023953 0.019417
0 0.236594 0.403576 0.019531 0.024042
0 0.188742 0.393861 0.013813 0.015722
0 0.174957 0.398486 0.014336 0.019417
